URL: https://www.runoob.com/browsers/browsers-edge.html
Title: Edge 浏览器 | 菜鸟教程

Edge 浏览器 | 菜鸟教程 

菜鸟教程 -- 学的不仅是技术，更是梦想！ 

浏览器 

高屏幕分辨率统计 

Edge 浏览器 

Edge 是一个由微软研发的浏览器，于 2015 年 1 月 21 日公布，2015 年 3 月 30 日公开发布第一个预览版。 

该浏览器在 Windows 10 和 Windows 10 Mobile 中取代 Internet Explorer 成为默认浏览器，其中，Windows 10 Mobile 中的 IE 已经被移除。 

2020 年 1 月，微软正式推出 Chromium 内核的新版 Edge 浏览器，它仍然是 Windows 平台的预设浏览器。 

Edge 官网： https://www.microsoft.com/zh-cn/edge/ 。 

Edge 统计 

下表是 浏览器统计信息 中关于 Edge 使用情况的细节，表格中的数字为百分比（ % ）的数字： 

2023 

总计 

112 

111 

110 

109 

108 

旧版本 

四月份 

9.0 

5.9 

2.6 

0.2 

0.1 

0.1 

0.1 

三月份 

8.8 

3.9 

4.1 

0.1 

0.1 

0.6 

二月份 

8.6 

4.5 

3.6 

0.2 

0.3 

一月份 

8.2 

3.9 

3.7 

0.6 

2022 

总计 

108 

107 

106 

105 

104 

103 

102 

101 

100 

99 

98 

97 

旧版本 

十二月份 

7.8 

5.1 

2.2 

0.1 

0.0 

0.0 

0.0 

0.0 

0.0 

0.0 

0.0 

0.0 

0.0 

0.4 

十一月份 

8.1 

7.7 

0.4 

0.0 

0.0 

0.0 

0.0 

0.0 

0.0 

0.0 

0.0 

0.0 

0.0 

十月份 

8.1 

0.4 

5.8 

1.6 

0.1 

0.0 

0.0 

0.0 

0.0 

0.0 

0.0 

0.0 

0.2 

九月份 

7.8 

6.7 

1.1 

0.0 

0.0 

0.0 

0.0 

0.0 

0.0 

0.0 

0.0 

八月份 

7.6 

5.2 

2.1 

0.1 

0.0 

0.0 

0.0 

0.0 

0.0 

0.2 

七月份 

7.5 

7.0 

0.3 

0.1 

0.0 

0.0 

0.0 

0.0 

0.1 

六月份 

7.4 

1.1 

4.9 

0.9 

0.1 

0.0 

0.0 

0.0 

0.4 

五月份 

7.3 

6.2 

0.5 

0.1 

0.0 

0.0 

0.5 

四月份 

7.2 

0.1 

5.7 

0.9 

0.1 

0.0 

0.4 

三月份 

7.5 

5.2 

1.4 

0.1 

0.8 

二月份 

7.5 

5.3 

1.6 

0.6 

一月份 

7.3 

4.7 

2.6 

2021 

总计 

96 

95 

94 

93 

92 

91 

90 

89 

88 

87 

IE11 

旧版本 

十二月份 

6.6 

5.8 

0.2 

0.1 

0.0 

0.0 

0.0 

0.0 

0.0 

0.0 

0.0 

0.0 

0.5 

十一月份 

6.8 

1.7 

4.4 

0.2 

0.1 

0.0 

0.0 

0.0 

0.0 

0.0 

0.0 

0.0 

0.4 

十月份 

6.7 

1.5 

4.6 

0.2 

0.1 

0.0 

0.0 

0.0 

0.0 

0.0 

0.0 

0.3 

九月份 

6.5 

1.0 

3.9 

1.0 

0.1 

0.0 

0.0 

0.0 

0.0 

0.0 

0.5 

八月份 

6.1 

5.5 

0.3 

0.0 

0.0 

0.0 

0.0 

0.0 

0.3 

七月份 

6.0 

1.2 

4.3 

0.1 

0.0 

0.0 

0.0 

0.0 

0.4 

六月份 

5.9 

5.2 

0.2 

0.1 

0.0 

0.0 

0.0 

0.4 

五月份 

5.8 

0.3 

4.7 

0.1 

0.0 

0.0 

0.0 

0.7 

四月份 

5.6 

1.7 

3.2 

0.1 

0.1 

0.0 

0.5 

三月份 

5.5 

3.7 

1.3 

0.1 

0.0 

0.4 

二月份 

5.4 

4.7 

0.2 

0.0 

0.5 

一月份 

5.3 

1.1 

3.3 

0.2 

0.7 

2020 

总计 

87 

86 

85 

84 

83 

82 

81 

80 

18 

IE11 

旧版本 

十二月份 

5.2 

4.5 

0.1 

0.0 

0.0 

0.0 

0.0 

0.0 

0.0 

0.2 

0.2 

0.2 

十一月份 

5.3 

1.4 

3.2 

0.0 

0.0 

0.0 

0.0 

0.0 

0.0 

0.3 

0.4 

0.0 

十月份 

5.2 

2.9 

1.4 

0.0 

0.0 

0.0 

0.0 

0.0 

0.4 

0.4 

0.1 

九月份 

4.9 

3.7 

0.1 

0.0 

0.0 

0.0 

0.0 

0.4 

0.4 

0.3 

八月份 

4.6 

0.3 

3.2 

0.0 

0.0 

0.0 

0.0 

0.5 

0.4 

0.2 

七月份 

4.3 

1.3 

1.7 

0.0 

0.1 

0.0 

0.6 

0.5 

0.1 

六月份 

3.9 

0.1 

1.8 

0.0 

0.1 

0.0 

1.2 

0.6 

0.1 

五月份 

3.5 

0.4 

0.0 

1.0 

0.0 

1.4 

0.6 

0.1 

四月份 

3.4 

0.7 

0.4 

1.6 

0.5 

0.2 

三月份 

3.5 

0.6 

1.7 

0.7 

0.5 

二月份 

3.4 

0.3 

1.6 

0.7 

0.8 

一月份 

3.0 

1.9 

0.8 

0.3 

2019 

总计 

Edge 18 

Edge17 

Edge16 

旧版本 
Edge 

IE11 

旧版本 
IE 

十二月份 

2.9 

1.8 

0.3 

0.2 

0.0 

0.8 

0.0 

十一月份 

3.2 

1.7 

0.4 

0.2 

0.0 

0.9 

0.0 

十月份 

3.3 

1.5 

0.5 

0.3 

0.0 

1.0 

0.0 

九月份 

3.3 

1.3 

0.7 

0.2 

0.0 

1.1 

0.0 

八月份 

3.3 

0.9 

0.8 

0.2 

0.1 

1.1 

0.2 

七月份 

3.3 

0.8 

0.9 

0.3 

0.1 

1.1 

0.1 

六月份 

3.6 

0.7 

1.0 

0.3 

0.2 

1.4 

0.0 

五月份 

3.6 

0.7 

1.0 

0.4 

0.1 

1.3 

0.1 

四月份 

3.6 

0.7 

1.3 

0.5 

0.1 

1.4 

-0.4 

三月份 

3.8 

0.7 

1.3 

0.5 

0.1 

1.5 

-0.3 

二月份 

4.0 

0.3 

1.5 

0.5 

0.2 

1.5 

0.0 

一月份 

4.0 

0.2 

1.6 

0.4 

0.2 

1.5 

0.1 

2018 

总计 

Edge 18 

Edge17 

Edge16 

旧版本 
Edge 

IE11 

旧版本 
IE 

十二月份 

3.8 

0.2 

1.6 

0.2 

0.2 

1.5 

0.1 

十一月份 

4.1 

0.1 

1.5 

0.3 

0.2 

1.6 

0.4 

十月份 

4.0 

0.1 

1.5 

0.3 

0.3 

1.7 

0.2 

九月份 

3.9 

1.3 

0.3 

0.4 

1.6 

0.2 

八月份 

3.7 

1.0 

0.4 

0.3 

1.7 

0.2 

七月份 

3.5 

0.9 

0.5 

0.2 

1.8 

0.1 

六月份 

3.8 

0.8 

0.5 

0.4 

2.0 

0.1 

五月份 

3.9 

0.3 

1.0 

0.4 

1.9 

0.1 

四月份 

3.9 

1.4 

0.4 

1.9 

0.2 

三月份 

4.0 

1.4 

0.6 

2.0 

0.0 

二月份 

4.1 

1.2 

0.7 

2.1 

0.1 

一月份 

4.1 

1.1 

0.9 

2.0 

0.1 

2017 

总计 

Edge 16 

Edge15 

Edge14 

Edge13 

Edge12 

IE11 

旧版本 

十二月份 

3.9 

0.6 

0.7 

0.3 

0.1 

0.1 

2.0 

0.1 

十一月份 

4.3 

0.4 

1.1 

0.3 

0.1 

0.0 

2.4 

0.0 

十月份 

4.1 

0.1 

1.2 

0.3 

0.1 

0.1 

2.3 

0.0 

九月份 

4.2 

1.1 

0.4 

0.1 

0.1 

2.5 

0.0 

八月份 

4.3 

0.8 

0.4 

0.2 

0.1 

2.6 

0.2 

七月份 

4.2 

0.7 

0.6 

0.2 

0.1 

2.6 

0.0 

六月份 

4.6 

0.6 

0.8 

0.2 

0.1 

2.6 

0.3 

五月份 

4.6 

0.3 

1.1 

0.2 

0.1 

2.7 

0.2 

四月份 

4.6 

0.1 

1.2 

0.2 

0.1 

2.8 

0.2 

三月份 

4.8 

1.4 

0.2 

0.2 

2.9 

0.1 

二月份 

4.8 

1.1 

0.2 

0.1 

3.1 

0.3 

一月份 

4.9 

1.1 

0.2 

0.1 

3.4 

0.1 

2016 

总计 

Edge14 

Edge13 

Edge12 

IE11 

IE10 

旧版本 

十二月份 

4.8 

1.0 

0.2 

0.1 

3.0 

0.1 

0.4 

十一月份 

5.2 

0.9 

0.3 

0.1 

3.2 

0.1 

0.6 

十月份 

5.2 

1.0 

0.5 

0.1 

3.5 

0.1 

0.0 

九月份 

5.3 

0.5 

0.8 

0.2 

3.4 

0.2 

0.2 

八月份 

5.2 

0.2 

1.0 

0.2 

3.3 

0.2 

0.3 

七月份 

5.2 

1.2 

0.2 

3.4 

0.2 

0.2 

六月份 

5.6 

1.0 

0.2 

4.0 

0.2 

0.2 

五月份 

5.7 

1.0 

0.2 

3.9 

0.3 

0.3 

四月份 

5.8 

1.0 

0.2 

3.9 

0.4 

0.3 

三月份 

6.1 

1.0 

0.2 

4.1 

0.3 

0.5 

二月份 

6.2 

0.9 

0.2 

4.1 

0.4 

0.6 

一月份 

6.2 

0.8 

0.4 

3.8 

0.5 

0.7 

2015 

总计 

Edge12 

IE11 

IE10 

IE9 

IE8 

IE7 

十二月份 

6.3 

1.0 

3.9 

0.6 

0.4 

0.3 

0.1 

十一月份 

6.8 

1.0 

4.4 

0.6 

0.5 

0.4 

0.1 

十月份 

6.9 

0.9 

4.1 

0.6 

0.5 

0.5 

0.1 

九月份 

7.2 

0.8 

4.2 

0.9 

0.9 

0.5 

0.1 

八月份 

6.6 

0.3 

3.5 

0.8 

1.0 

0.7 

0.2 

七月份 

6.5 

3.4 

0.8 

1.0 

0.9 

0.2 

六月份 

7.1 

4.2 

0.8 

1.2 

0.9 

0.1 

五月份 

7.1 

4.1 

1.1 

1.2 

0.7 

0.1 

四月份 

8.0 

4.5 

1.0 

1.4 

1.0 

0.1 

三月份 

7.7 

4.1 

1.0 

1.4 

1.1 

0.1 

二月份 

8.0 

4.1 

1.1 

1.5 

1.2 

0.1 

一月份 

7.8 

3.7 

1.1 

1.4 

1.2 

0.2 

2014 

总计 

IE11 

IE10 

IE9 

IE8 

IE7 

IE6 

十二月份 

8.0 

3.6 

1.1 

1.6 

1.3 

0.2 

0.0 

十一月份 

9.8 

4.7 

1.4 

1.8 

1.6 

0.3 

0.0 

十月份 

9.5 

4.3 

1.5 

1.8 

1.6 

0.2 

0.0 

九月份 

9.9 

3.8 

1.7 

2.4 

2.0 

0.3 

0.0 

八月份 

8.3 

3.2 

1.4 

1.6 

1.8 

0.2 

0.0 

七月份 

8.5 

3.0 

1.5 

1.8 

1.8 

0.2 

0.0 

六月份 

8.8 

3.0 

1.4 

1.2 

2.1 

0.3 

0.1 

五月份 

8.9 

2.7 

1.4 

1.9 

2.1 

0.2 

0.0 

四月份 

9.4 

2.7 

1.6 

2.0 

2.4 

0.3 

0.1 

三月份 

9.7 

2.6 

1.6 

2.1 

2.5 

0.3 

0.1 

二月份 

9.8 

2.5 

1.7 

2.1 

2.7 

0.3 

0.1 

一月份 

10.2 

2.5 

1.7 

2.3 

3.1 

0.4 

0.1 

2013 

总计 

IE11 

IE10 

IE9 

IE8 

IE7 

IE6 

十二月份 

9.0 

0.8 

2.1 

2.4 

3.2 

0.4 

0.1 

十一月份 

10.5 

3.5 

2.5 

3.6 

0.5 

0.1 

十月份 

11.7 

4.0 

3.0 

4.1 

0.5 

0.1 

九月份 

12.1 

4.0 

2.8 

4.6 

0.6 

0.1 

八月份 

11.8 

3.6 

2.8 

4.7 

0.6 

0.1 

七月份 

11.8 

3.3 

2.8 

4.8 

0.7 

0.1 

六月份 

12.0 

3.1 

3.2 

4.9 

0.7 

0.1 

五月份 

12.6 

2.6 

3.9 

5.2 

0.8 

0.1 

四月份 

12.7 

2.0 

4.4 

5.3 

0.8 

0.1 

三月份 

12.9 

1.3 

5.2 

5.5 

0.8 

0.2 

二月份 

13.5 

0.9 

5.7 

5.8 

0.9 

0.2 

一月份 

14.3 

0.8 

5.9 

6.4 

1.0 

0.3 

2012 

总计 

IE10 

IE9 

IE8 

IE7 

IE6 

十二月份 

14.7 

0.6 

5.9 

6.8 

1.1 

0.3 

十一月份 

15.1 

0.4 

6.5 

6.8 

1.1 

0.3 

十月份 

16.1 

0.2 

6.8 

7.6 

1.2 

0.3 

九月份 

16.4 

0.2 

6.6 

7.9 

1.3 

0.4 

八月份 

16.2 

0.1 

6.1 

7.8 

1.8 

0.5 

七月份 

16.3 

0.1 

5.9 

7.9 

2.0 

0.6 

六月份 

16.7 

0.1 

6.1 

8.0 

1.9 

0.6 

五月份 

18.1 

0.1 

6.5 

8.8 

2.1 

0.6 

四月份 

18.3 

0.1 

6.4 

8.8 

2.3 

0.7 

三月份 

18.9 

0.0 

6.1 

9.4 

2.5 

0.9 

二月份 

19.5 

0.0 

5.7 

10.2 

2.6 

1.0 

一月份 

20.1 

0.1 

5.3 

10.5 

3.1 

1.1 

2011 

总计 

IE9 

IE8 

IE7 

IE6 

十二月份 

20.2 

5.1 

10.7 

3.2 

1.2 

十一月份 

21.2 

5.1 

11.5 

3.4 

1.2 

十月份 

21.7 

5.1 

11.8 

3.5 

1.3 

九月份 

22.9 

4.8 

12.4 

3.9 

1.8 

八月份 

22.5 

4.2 

11.9 

4.2 

2.0 

七月份 

22.0 

3.9 

11.7 

4.1 

2.3 

六月份 

23.2 

3.6 

12.9 

4.4 

2.3 

五月份 

24.9 

3.1 

14.1 

5.3 

2.4 

四月份 

24.3 

2.1 

14.8 

4.9 

2.5 

三月份 

25.8 

1.1 

16.3 

5.4 

3.0 

二月份 

26.5 

0.6 

16.7 

5.7 

3.5 

一月份 

26.6 

0.5 

16.6 

5.7 

3.8 

2010 

总计 

IE9 

IE8 

IE7 

IE6 

十二月份 

27.5 

0.5 

16.5 

6.1 

4.4 

十一月份 

28.6 

0.4 

17.6 

6.5 

4.1 

十月份 

29.7 

0.4 

17.3 

7.2 

4.8 

九月份 

31.1 

0.2 

17.3 

8.0 

5.6 

八月份 

30.7 

16.2 

7.8 

6.7 

七月份 

30.4 

15.6 

7.6 

7.2 

六月份 

31.0 

15.7 

8.1 

7.2 

五月份 

32.2 

16.0 

9.1 

7.1 

四月份 

33.4 

16.2 

9.3 

7.9 

三月份 

34.9 

15.3 

10.7 

8.9 

二月份 

35.3 

14.7 

11.0 

9.6 

一月份 

36.2 

14.3 

11.7 

10.2 

2009 

总计 

IE8 

IE7 

IE6 

十二月份 

37.2 

13.5 

12.8 

10.9 

十一月份 

37.7 

13.3 

13.3 

11.1 

十月份 

37.5 

12.8 

14.1 

10.6 

九月份 

39.6 

12.2 

15.3 

12.1 

八月份 

39.3 

10.6 

15.1 

13.6 

七月份 

39.4 

9.1 

15.9 

14.4 

六月份 

40.7 

7.1 

18.7 

14.9 

五月份 

41.0 

5.2 

21.3 

14.5 

四月份 

42.1 

3.5 

23.2 

15.4 

三月份 

43.3 

1.4 

24.9 

17.0 

二月份 

43.6 

0.8 

25.4 

17.4 

一月份 

44.8 

0.6 

25.7 

18.5 

2008 

总计 

IE7 

IE6 

IE5 

十二月份 

46.0 

26.1 

19.6 

0.3 

十一月份 

47.0 

26.6 

20.0 

0.4 

十月份 

47.4 

26.9 

20.2 

0.3 

九月份 

49.0 

26.3 

22.3 

0.4 

八月份 

51.0 

26.0 

24.5 

0.5 

七月份 

52.4 

26.4 

25.3 

0.7 

六月份 

54.2 

27.0 

26.5 

0.7 

五月份 

54.4 

26.5 

27.3 

0.6 

四月份 

54.8 

24.9 

28.9 

1.0 

三月份 

53.9 

23.3 

29.5 

1.1 

二月份 

54.7 

22.7 

30.7 

1.3 

一月份 

54.7 

21.2 

32.0 

1.5 

2007 

总计 

IE7 

IE6 

IE5 

十一月份 

56.0 

20.8 

33.6 

1.6 

九月份 

57.2 

20.8 

34.9 

1.5 

七月份 

58.5 

20.1 

36.9 

1.5 

五月份 

58.9 

19.2 

38.1 

1.6 

三月份 

58.7 

18.0 

38.7 

2.0 

一月份 

58.6 

13.3 

42.3 

3.0 

2006 

总计 

IE7 

IE6 

IE5 

十一月份 

60.6 

7.1 

49.9 

3.6 

九月份 

62.1 

2.5 

55.6 

4.0 

七月份 

62.4 

1.9 

56.3 

4.2 

五月份 

63.0 

1.1 

57.4 

4.5 

三月份 

64.7 

0.6 

58.8 

5.3 

一月份 

66.0 

0.2 

60.3 

5.5 

2005 

总计 

IE6 

IE5 

十一月份 

68.9 

62.7 

6.2 

九月份 

75.5 

69.8 

5.7 

七月份 

73.8 

67.9 

5.9 

五月份 

71.6 

64.8 

6.8 

三月份 

72.5 

63.6 

8.9 

一月份 

74.5 

64.8 

9.7 

2004 

总计 

IE6 

IE5 

十一月份 

76.2 

66.0 

10.2 

九月份 

79.0 

67.8 

11.2 

七月份 

80.4 

67.2 

13.2 

五月份 

81.9 

68.1 

13.8 

三月份 

82.8 

68.2 

14.6 

一月份 

84.7 

68.9 

15.8 

2003 

总计 

IE6 

IE5 

十一月份 

84.9 

71.2 

13.7 

九月份 

86.6 

69.7 

16.9 

七月份 

87.2 

66.9 

20.3 

五月份 

87.7 

65.0 

22.7 

三月份 

88.0 

63.4 

24.6 

一月份 

84.6 

55.3 

29.3 

2002 

总计 

IE6 

IE5 

IE4 

十一月份 

83.4 

53.5 

29.9 

九月份 

83.5 

49.1 

34.4 

七月份 

85.0 

44.4 

40.1 

0.5 

五月份 

87.4 

40.7 

46.0 

0.7 

三月份 

86.8 

36.7 

49.4 

0.7 

一月份 

86.8 

30.1 

55.7 

1.0 

AI 思考中... 

高屏幕分辨率统计
